1644391693382 0.12981748580932617 0
1644391701146 0.11357854306697845 1
1644391708586 0.1103091761469841 2
1644391716038 0.10843740403652191 3
1644391723664 0.10741264373064041 4
1644391731379 0.106681227684021 5
1644391739077 0.10607491433620453 6
1644391746826 0.10562540590763092 7
1644391758978 0.10539714246988297 8
1644391766592 0.10517718642950058 9
1644391774350 0.10483895242214203 10
1644391781816 0.1046692356467247 11
1644391789473 0.1044260710477829 12
1644391797001 0.10428190976381302 13
1644391804608 0.10427509993314743 14
1644391812029 0.1041533425450325 15
1644391819471 0.1040249913930893 16
1644391827419 0.10401400178670883 17
1644391835267 0.10392944514751434 18
1644391842735 0.10376220941543579 19
1644391850511 0.10373326390981674 20
1644391858270 0.10351304709911346 21
1644391865692 0.10363811999559402 22
1644391873337 0.10358434170484543 23
1644391881197 0.1035253033041954 24
1644391889132 0.1033969447016716 25
1644391896832 0.10328737646341324 26
1644391904630 0.10329560190439224 27
1644391912409 0.10311784595251083 28
1644391920030 0.10317546129226685 29
