1644391693382 10328.0 0
1644391701146 9260.0 1
1644391708586 9350.0 2
1644391716038 9425.0 3
1644391723664 9474.0 4
1644391731379 9516.0 5
1644391739077 9533.0 6
1644391746826 9583.0 7
1644391758978 9589.0 8
1644391766592 9648.0 9
1644391774350 9630.0 10
1644391781816 9660.0 11
1644391789473 9671.0 12
1644391797001 9681.0 13
1644391804608 9715.0 14
1644391812029 9715.0 15
1644391819471 9722.0 16
1644391827419 9713.0 17
1644391835267 9722.0 18
1644391842735 9750.0 19
1644391850511 9740.0 20
1644391858270 9746.0 21
1644391865692 9747.0 22
1644391873337 9717.0 23
1644391881197 9789.0 24
1644391889132 9750.0 25
1644391896832 9817.0 26
1644391904630 9806.0 27
1644391912409 9787.0 28
1644391920030 9789.0 29
