1644392137187 33.266522088812636 0
1644392172898 2.1933127384345483 0
1644392208891 1.580758441390567 0
1644392245024 1.400318177393551 0
1644392290700 1.3322165350281874 0
1644392326531 1.299879368511737 0
1644392362435 1.2806358973851264 0
1644392398677 1.2674361394963505 0
1644392434492 1.262924050460904 0
1644392469510 1.254001011073911 0
1644392504677 1.2479483726258342 0
1644392539666 1.2474476121674076 0
1644392574587 1.242971211511021 0
1644392609582 1.246515969773935 0
1644392644509 1.2371356523580674 0
1644392679687 1.2344337408784247 0
1644392714624 1.2331580958296713 0
1644392749744 1.2298286419625832 0
1644392784801 1.2351987652848775 0
1644392820103 1.2276991422701153 0
1644392855359 1.2346228089642348 0
1644392890687 1.2309923198488892 0
1644392926262 1.2252390799921165 0
1644392962562 1.2256250013086765 0
1644392998232 1.2250095040547972 0
1644393034304 1.2250596230846478 0
1644393070499 1.2164588110428904 0
1644393107069 1.2281007331534357 0
1644393143105 1.2266831461199603 0
1644393178804 1.228742191120265 0
1644393214392 1.2246760815314064 0
1644393249915 1.22272246026626 0
1644393285833 1.2223071950766045 0
1644393321751 1.2168081862827202 0
1644393357660 1.2205113578980198 0
1644393393522 1.2132119620968385 0
1644393429361 1.2130073034290003 0
1644393465152 1.2147176413327814 0
1644393500986 1.2079248486372571 0
1644393536967 1.2063890053003465 0
